100013998008460
100015085086407
100022324155271
100032367382721
100034576637059
100035215842601
100036935645130
100039021660392
100040812139658
100040830142252
100041031099626
100041314819692
100041905722357
100042419717285
100043229342792
100044149861274
100044153116185
100044294769242
100044667741332
100045886276178
100045960578400
100047967502767
100048190271899
100048419184259
100048659199349
100048778626935
100048981593524
100050140578038
100050188651666
100050453531339
100050455962798
100050880709145
100051028452359
